-3.766440687624130135e+01
-1.484176221825176611e+00
-1.083447108602142883e+01
-1.200186139111039385e-01
-1.527108478080359077e+01
-2.704635314298716245e-02
-1.077258125061296212e+01
1.672208404940618109e+01
-1.334314966374243738e-01
-3.303666158608355996e+00
-2.520492405202148234e+00
4.957847858711806666e+00
2.632600797148752392e+01
-1.711008744192037412e+00
8.713296829694362700e+00
-3.462601122054599578e+00
1.298910111334037687e+01
-6.264463772655503027e-01
-4.851512434134130913e+00
-6.209621354784132796e-01
-3.908682489652974823e+00
3.386250087704162581e+00
-2.972654988834398271e+00
-1.676238669709697038e-01
3.691561870012898261e-01
-2.584452292043609933e+00
-5.811287401923477258e-01
-2.930129570816174311e+00
2.617127648805282480e-01
-1.754384440345081231e+00
-1.414872465843885596e+00
-3.055294033342079718e-01
-2.902677858244210318e-01
1.224783938713612130e+00
-1.147410006005444183e+00
-2.334271891579625113e-01
-3.182934185614912703e+00
1.444108409595079578e+00
-2.930517235030456913e+00
-1.084709375932242637e+01
-2.493870542343682217e+00
6.496189647686756441e-01
1.028429711485729747e+01
2.105477702440308185e+00
2.147470494495107296e+00
-2.433256079603196564e-01
5.247883546442095870e+00
6.067178605492972165e-01
1.963393958244889603e+00
-3.079091710716060692e+00
6.873134705861085880e-01
-1.098951536245612370e+00
1.070018231053268876e+00
-1.168622891876135439e+00
5.287326420922837666e-01
8.026345296089472114e-01
-9.982176138746252647e-01
3.659737058735897108e-02
3.155045374922372803e-01
4.497560285197398366e-01
1.397876657123225952e+00
-8.975701783714715720e-01
8.010729292831632042e-01
1.425980271489809992e+00
9.793893938271107658e-01
-6.374606390925856569e-01
-1.903152509110864532e+00
1.385692729636883946e+00
-3.113149774238899159e-01
-2.589681877836469415e-01
-1.499525079807569217e+00
1.015008765768642629e+00
1.739223642995363406e+01
-3.316160884219482963e+00
2.146393298366511271e+00
-7.002829387554641016e+00
8.654444049992235932e+00
-1.478188862602729303e+00
-9.043238652292056035e-01
2.319274280106972397e-01
-9.930823148557103019e-01
3.096762983816300441e+00
-1.403151096337975634e-01
2.143156123328869289e-01
2.324275149558605591e+00
-4.681833783226206913e-01
2.211681346454649422e+00
-1.148536470504619489e+00
1.299264064190404300e+00
-1.754117347712101371e-01
1.266843623582185607e+00
1.050146413621760200e+00
1.637924073188920526e-01
1.080922868070274490e+00
8.458317941581755539e-01
6.166736734760677185e-01
-1.204877897663298780e+00
-8.182887460429988380e-01
-4.651041316039122853e-01
-8.365212506204933174e-01
-9.016085232422204054e-01
-5.744901729973597160e-01
1.786653719092289760e+00
-2.703030932415378951e-01
-7.858178196485768319e-02
-4.821761620688859717e-01
1.450785931752655911e+00
-2.098092089125051518e-01
8.608507213490913301e+00
-1.706942729467786357e-01
7.107095542971731961e-01
1.632941769535229515e+00
5.460269253449846261e+00
-5.603034536722795340e-03
-2.052614038771534699e-01
-3.165919778262502038e-01
1.025057144044495105e+00
1.301904939959362073e+00
-9.088083395242897711e-02
-1.457934819158401840e-01
6.277423918665416824e-01
3.304139426189742212e-01
1.373299640793340215e+00
-7.213138063467393613e-01
3.927992068812314885e-01
2.133981792401528355e-01
-2.042044609587341242e-01
5.296723384571495608e-01
-1.165280929404522992e+00
-6.775183515673798285e-01
-1.501914068968695504e-01
3.494560518639192592e-01
1.767771955580899945e+00
-8.887178121768934957e-02
2.267843753454724109e-01
2.983862891807909090e-01
1.392230435152580270e+00
-8.448045749397811721e-02
6.189495251754976168e-01
-5.256719470730575328e-01
8.824270355146938138e-01
9.882584393534145084e-01
5.092921803407367554e-01
-4.082447891547983931e-01
3.055593416949536234e+00
2.646079419425016038e-02
6.029428342822060749e-01
1.129855415554080311e+00
2.259661694998382764e+00
5.715938720009998419e-02
-3.608822681960591749e-01
-3.147527164793998411e-01
-4.074553846852746464e-02
1.153571820322948360e-01
-2.662102481209579485e-01
-2.103467258098013770e-01
1.933563951992484931e-01
8.343573330524831633e-01
-5.236365260079298839e-02
-3.082152217823190266e-01
1.163173258571666702e-01
5.740182178988365580e-01
1.878954066760583519e+00
5.985350851396112892e-01
3.562007988289663807e-01
6.843257117807279855e-01
1.480946137108294369e+00
4.060305690457829408e-01
1.035643689163777470e+00
-4.039606649548930228e-01
9.872399706369187067e-01
2.804622403214729331e-01
8.501434526838801409e-01
-3.123113002361143087e-01
-6.917176632367889599e-01
4.681914349511558937e-01
-5.550647945657559701e-01
2.260463824094474106e-01
-5.867637445878309821e-01
3.901490768927803332e-01
6.286502005613799904e-01
3.264881828405073461e-01
-1.911363460709574413e+00
-2.721950157580043661e-01
5.121272143140366273e-01
2.443575595539695944e-01
6.476775543351143138e-01
-4.409794049418240824e-01
-3.878076159627769082e-01
8.694706662924298612e-01
4.912848834902501238e-01
-3.427842452789151007e-01
7.493278778502997506e-01
-2.238107369792055878e-01
9.818857941523464472e-01
3.306548772255619162e-01
5.990441100772235794e-01
-1.909533517925567914e-01
-3.281193142396472417e-01
2.686377489000174035e-01
5.084835870361906901e-02
-9.795701339012202746e-02
-2.680693874376037789e-01
2.096152900314855183e-01
4.387382800221583667e-01
7.146340887006077947e-02
-6.860511542972780319e-01
-4.025325155486462192e-01
3.752133242430347737e-01
7.385016883689551892e-02
1.366410817259971600e+00
-2.903673735871020734e-01
6.517604985657248218e-01
9.594399377925242334e-01
1.199690205404478238e+00
-2.414235797032716901e-01
