-1.931702704392682080e+01
2.021250044008816027e-01
-8.462382473731691945e+00
-2.292876320376035504e-01
-1.756075225117778160e+01
-1.731720952431147487e-01
-4.446869301785840278e+00
-1.345921647717785996e-01
-8.962957360770982262e+00
1.817825855880321484e+01
-4.035425690820211853e-01
-3.954139459874068230e+00
-2.147162146145236594e+00
6.036608715521937008e+00
-1.373599957814290451e-01
-2.374207635105785918e+00
2.355356322152173831e+01
-2.054947217244955660e+00
7.022415258126424753e+00
-3.125048878966151022e+00
1.311383771052842562e+01
-6.874064171114163679e-01
3.701284377818239157e+00
-1.461728691100181887e+00
-4.321401644382078189e+00
-2.133329802474952963e+00
-3.789929556715559755e+00
2.752945867395021562e+00
-2.633948419368645766e+00
-9.548545825615495364e-01
-2.017976792155208976e+00
1.797093308823381363e+00
8.096408844953938144e-02
-1.601842108242674145e+00
-1.979043494435763217e-01
-1.700693487946796312e+00
9.487261774739047093e-04
-1.100211041920331478e+00
-1.405249412619390681e-01
-1.125605309166529455e+00
-6.994924570971792210e-01
-5.779625727894177611e-01
1.032379904755138106e-01
6.473090213887615629e-01
-5.836516229282194823e-01
-4.537150677534336762e-01
2.493600447008033003e-02
3.974560958953694545e-01
6.163766299785411115e-03
1.175237802420385780e+00
-1.368542791283011428e-01
-1.764230480197465645e-01
1.945763938673254062e-02
8.925272844162961405e-01
-1.052430698208256798e-01
-1.487986741924270107e-01
9.864797382526722114e-01
-9.695599074239373838e-01
8.341799971930715651e-01
-3.652322826892051566e-02
8.528340969481151834e-01
-7.908553072028662312e-01
6.617914794422583569e-01
-6.941763459728833227e-03
1.865465899427393381e+00
4.323385994907797070e+00
-3.664741281592740929e+00
-1.037841266646101346e+01
-3.869484432948605779e+00
1.576859983790964481e+00
-2.010859556657559111e+00
-5.412538979428864749e+00
8.036142075864976420e+00
9.991555294821363731e-01
1.965739862385740055e+00
-6.675920736437592762e-01
6.679381390340988212e+00
2.971771639604725568e-01
1.251291941411215802e+00
-4.280834717814882007e-01
1.580115999345185873e+00
-3.538093143980574062e+00
1.132200627539518667e+00
-4.517937083085493688e-01
1.145366741113737596e+00
-1.222513913165775623e+00
7.509066145261913405e-01
1.499290466429926139e-01
7.879727704596820592e-01
1.730105745392316763e+00
-6.650270013121882817e-01
5.582494720852272385e-01
4.346245944304363285e-01
1.057500190728899003e+00
-3.399367983994412978e-01
3.203966948476257848e-01
1.461123954138496162e+00
-1.625946112967418866e+00
7.318011119510631213e-01
7.751794330308163783e-01
1.028052236905386163e+00
-1.147421102282519367e+00
4.110224126646390697e-01
4.261887850169921998e-01
-1.846184447382117622e+00
5.325653263496018530e-01
-1.233392613914958275e-01
-3.772227490584764142e-01
-1.460170481574268431e+00
3.416711245841486666e-01
-1.014139803770553322e-01
-2.998656748438227604e-01
1.700562235763247498e+00
-4.176530662161338503e-01
2.965033368660166535e-01
-2.038054582888240152e-01
1.423564268991288184e+00
-3.239110278031661627e-01
2.171656282086234790e-01
-1.314123144701545010e-01
-1.568685846455903254e+00
1.043335786083448236e+00
-4.497996531850105839e-01
7.504144632319117436e-01
-1.369733929286398366e+00
8.844487967904056669e-01
-3.520939904363530326e-01
6.004386371882833862e-01
1.520199623330762861e+01
-1.623901497126416515e+00
3.254981114587204960e+00
-5.114328808293298501e+00
8.463860867524122256e+00
-6.387630848893522950e-01
1.611487622392964836e+00
-2.865999927327418817e+00
-1.179701557572006676e+00
4.541256405135537522e-01
-3.671188625118292914e-01
3.106050957249933298e+00
2.224408526353096049e-01
5.614631253288683288e-01
2.903746999730236894e-02
2.001041131039197118e+00
2.723633975490773018e+00
-1.567604003664271883e-01
2.491294717860386143e+00
-1.277911745242815478e+00
1.553484549180650820e+00
1.912949823346749012e-02
1.486614616188774773e+00
-6.208251068642280934e-01
1.613216090159137917e+00
1.836741484105285094e-01
-7.661622064826309475e-02
4.587173227513089424e-01
1.044186735756803319e+00
7.720207118397497126e-02
-9.318240637421938699e-02
1.832964936693233515e-01
-1.096549475470858903e+00
-2.696492463075049750e-01
-1.925968266197711221e-01
1.824322602632197365e-01
-8.342817177760354364e-01
-2.443889413746363759e-01
-1.816597836074112515e-01
7.396889712193223387e-02
1.368397175046542902e+00
4.592079907934884520e-01
5.884193676076420187e-01
-1.264379433313142786e-01
1.115183547340520054e+00
3.293299843334121513e-01
4.259961543199047296e-01
-8.149310894144372319e-02
-4.315116857790642912e-01
8.630149731388092821e-04
-1.651497333845526258e-02
8.255501593375896840e-01
-3.700943764922605683e-01
3.151909940165931179e-02
-5.453182246721216368e-03
6.484556610142376831e-01
9.460650714639333714e-01
5.476704861682536452e-01
4.764286340482752347e-01
-6.139404424221661660e-01
8.447387504273546899e-01
4.547848894016764953e-01
3.952648216475310727e-01
-4.879972269545126973e-01
6.796301712332936340e+00
1.323792475717663564e+00
1.379382570530979901e+00
1.759921392226148074e+00
4.686756721628497324e+00
1.010788537731298842e+00
8.558903116343223871e-01
1.188938026281006310e+00
3.868205682517622535e-01
-5.097152390410937262e-01
7.472397109764730150e-01
6.477838645275626472e-01
3.230305958707768710e-01
-2.675092382213357656e-01
5.468359761353036586e-01
5.072406961250418567e-01
1.339932148264849854e+00
-5.404282552725244576e-02
1.717398680142430578e+00
-9.099492864041842655e-01
8.196748022212950735e-01
-5.988747999972054981e-02
1.036779615891991302e+00
-6.185777018680281847e-01
3.271751915558941404e-01
1.215472739942782043e+00
-7.436885191931302819e-01
3.834871075877938074e-01
2.126572174743960042e-01
8.015225647014782018e-01
-5.570408585821935432e-01
1.988836658368648147e-01
1.518193278285000503e+00
2.727188455734788630e-01
9.640210060940027637e-01
5.753008413491118578e-01
1.222614039382113216e+00
1.628688472434966228e-01
6.780320683578713314e-01
3.881387974477265024e-01
1.435617167859523646e-01
-2.070639001579381855e-01
3.646399470960520750e-02
8.748785069444529883e-02
1.196022051296483646e-01
-1.344329528851380962e-01
4.204554069412893419e-02
9.684480830546506047e-02
-1.173408899481982876e-01
1.089350677903022369e-01
-1.740612017204099665e-02
-7.916348825635492747e-02
-9.576956940258077311e-02
9.877122204414957862e-02
-7.242622004668073862e-03
-5.865570433120394916e-02
7.679228764254834028e-01
-4.083794229185137570e-01
3.194221259015520703e-02
-5.260015425727744554e-02
6.804867685240927333e-01
-3.552371808547580834e-01
1.865773016516331095e-02
-4.657957622076939336e-02
2.619562192192316008e+00
-1.579745740271413790e-01
2.094736334453002266e-02
3.002544686522686801e-01
1.968268900306058056e+00
-5.472543368576378991e-02
5.250571215583608314e-02
2.562647871538804578e-01
4.840334094781252594e-02
-3.836633887340714089e-01
5.081624095742820479e-01
6.042865640189239995e-01
-6.280337582659839199e-03
-3.040739935165224783e-01
3.237520286377382206e-01
3.695397025537617286e-01
4.578596738025936252e-01
1.217657337347603841e+00
5.622380166340044116e-01
-3.531296304117845786e-01
3.008565336372785448e-01
8.348015486852666811e-01
3.378937743486544187e-01
-2.642771237203286327e-01
1.902757950553154886e+00
3.426321539860742726e-01
3.989133501301448392e-01
4.440168892028694136e-01
1.517936870080075495e+00
2.304500910051836549e-01
2.790261474481400272e-01
2.869248482848852366e-01
-5.014102457254981937e-02
-2.041890771821913975e-01
2.339921532693234330e-02
1.402693966569712458e-02
-2.816792984713942932e-02
-1.416493684202198566e-01
3.292400555825759911e-02
3.168995091262081371e-02
2.526483355599200009e-01
-9.360951001018028017e-02
-3.832226428117498918e-01
-3.928653814586213766e-02
2.154541182964342938e-01
-6.053899937967770206e-02
-2.926291257839090387e-01
-1.774799439582012278e-02
2.993142948752268717e-01
-2.498391494048465833e-01
2.241101714151552127e-01
3.390913399920460480e-01
2.615992649973951645e-01
-2.167172474117162184e-01
1.734173596497202707e-01
2.568019054212309360e-01
-4.734178514154894768e-01
-1.436080378646489297e-01
-1.779058875701210185e-01
-1.143399188557587751e-02
-4.284597365989467055e-01
-1.281772379231394809e-01
-1.512598791191070435e-01
-1.028424898135067364e-02
5.759186813871062238e-01
3.163459533843612781e-02
-1.369996684012191990e+00
1.319381571879309489e-01
4.519830365672916628e-01
5.979535158566898559e-03
-9.758980684418734342e-01
7.599803935065524430e-02
-2.363532603496312223e-01
-4.670318815850837968e-02
2.340166390818965714e-01
5.788393065501556967e-01
-2.100852085365771948e-01
-5.880812212850130422e-02
1.481325860142887474e-01
3.884174816058888480e-01
1.016118300701883692e+00
1.424747347644736428e-01
5.373544481210748014e-01
-5.510386624253499344e-01
8.219112706410578451e-01
1.012856899655829312e-01
3.919401924244542146e-01
-4.018926205605393709e-01
2.233357813027588568e-01
-7.462648219729772769e-02
-2.215711431153373767e-01
1.904786555422260663e-01
1.976991521061894908e-01
-4.165172647600684508e-02
-1.554850608102860687e-01
1.491371120550035179e-01
3.257897397201578449e-01
1.648710402118274410e-01
-2.246258566599209916e-01
7.671493651398919589e-02
2.839034791798393798e-01
1.410135543127415403e-01
-1.687420580660410063e-01
6.813496115077344317e-02
5.272006877474618713e-01
-3.811382833414286297e-01
1.402472417944490013e-01
4.342836002458045352e-01
4.572384532274477165e-01
-3.224894202367475926e-01
1.073574776876911330e-01
3.311422437524024764e-01
-5.621500877810829966e-01
-2.822956840925757716e-01
-8.122344640754007583e-02
1.220197851426335113e-02
-5.044977961046264170e-01
-2.434797785375924506e-01
-7.232209240952636176e-02
7.001214999002375143e-03
-1.106294599299232351e-01
1.484380702732648882e-01
-1.273158411881824825e-01
-1.634467683768654409e-02
-9.931886388823896183e-02
1.296235091750010948e-01
-1.064882135278125697e-01
-1.115979477614158569e-02
2.751690874614201587e-01
1.639085875438613116e-01
-1.306601561672936951e+00
3.799487850161672453e-01
2.249523043190389815e-01
1.187989838515582514e-01
-1.000005358733396132e+00
2.629728585973317156e-01
-1.800220968269674454e-02
-4.238025665468286851e-01
2.033800517079615289e-01
-1.625418252160600735e-02
-1.487788026470184856e-02
-3.405572904813524704e-01
1.499763369254304424e-01
-1.563228177861140239e-02
1.681773395432036300e-01
2.093514440279510558e-02
-1.022455854030750177e-01
-3.898758337069594543e-02
1.488863289645061538e-01
2.613548735289079536e-02
-7.017981354139998795e-02
-1.830630307533789164e-02
3.179321657210443242e-01
-3.271715677317353632e-02
1.463371480671382119e-01
8.618277260989172517e-02
2.804334457250075574e-01
-1.934855587037069211e-02
1.229409561761475589e-01
7.161643764932214273e-02
2.295755451726654017e-01
-2.167595551181545829e-02
-4.531877391969219016e-02
2.060189811423557837e-01
2.004584941586196600e-01
-2.455622106490916098e-02
-3.843731297019102600e-02
1.533657647238265698e-01
-1.198432042862146024e-01
-5.012620924932954525e-01
-1.201673849452369047e-01
-1.652947343101489330e-01
-1.112794452458021749e-01
-4.266115203801973399e-01
-1.071976127236697052e-01
-1.336558714640845302e-01
-3.687030207900947043e-01
6.532946793900054616e-02
-2.627532631808796038e-01
3.431434613121421284e-01
-3.320446120753183794e-01
5.755654329409853887e-02
-2.215337322559683686e-01
2.853295920352298398e-01
-1.097360069046247888e-01
-3.544955306550406915e-01
4.663137604218009491e-02
-2.948092164925248948e-01
-9.961271611342500942e-02
-3.171710673296969096e-01
4.316641773165244556e-02
-2.472355342615219220e-01
5.558351748737059284e-01
1.077117618145230216e-01
-8.424971781387649017e-01
2.237650746959158055e-01
4.872804726790039287e-01
9.031034644683258450e-02
-6.821950328638901606e-01
1.649384586860480062e-01
-2.057799605074355775e-01
-1.766607574417325688e-01
-2.841061761359845450e-01
3.996444122612626271e-01
-1.723497062376060374e-01
-1.475247190493167992e-01
-2.254226512176089048e-01
3.214022500638583635e-01
7.061614410722728830e-02
-3.322175079261303066e-01
2.849554535870967853e-01
-1.174290527473081103e-01
6.279851441284366176e-02
-2.742405616434558380e-01
2.397538214204333884e-01
-8.329842504600321051e-02
-6.587661495248875627e-03
-1.124454980218062977e-01
1.629088307648283163e-01
-1.854096507378382719e-01
-6.812790355113240888e-03
-9.775429075989701400e-02
1.339748876765594621e-01
-1.571411904078483524e-01
1.152689865518758891e-02
1.827915527514650529e-01
-1.251069084771924411e-01
-8.411685452594808154e-02
7.999490554305844006e-03
1.571699104572926164e-01
-1.115153200964195124e-01
-7.096098743120904384e-02
3.577874863812807726e-01
-3.249140495344887691e-03
-1.715231194279120130e-01
3.227413692809851797e-01
3.266622538728832792e-01
7.752630014966621901e-05
-1.470795565754332568e-01
2.716909392345027152e-01
-2.811982808913482401e-01
-4.082650193745919753e-01
1.673806727762260083e-01
1.810667584788542561e-01
-2.556409995407672442e-01
-3.661658580810488450e-01
1.484885781767154578e-01
1.513641784194770801e-01
-5.207537806270960967e-01
1.271921732893360468e-01
-2.664797659122847828e-01
-1.484837362079143852e-01
-4.859755298526010625e-01
1.144009919675106346e-01
-2.345499573845467867e-01
-1.257659262268717160e-01
