-1.485558081717178958e+01
-2.696401216039872484e+00
-3.441081857780954600e-02
-1.300355014252603469e+00
-1.660048266317173571e+01
2.949565391339762144e+01
-1.051660515116250671e+01
6.749175556829532852e+00
3.333676940144147949e+01
-8.984054204753658013e+00
1.420171599067513668e+01
-2.167378059204135177e+00
-7.311297370424893138e+00
-3.431549699700706668e+00
-1.812255290591452850e+00
3.810969042795437023e+00
8.655090577155902798e-01
-1.130810451054341925e+01
6.658434414682160352e+00
-1.036968856206027922e+01
9.136246255192757459e+00
3.920051858747665707e-01
1.750903881165121634e+00
-6.991894979781332342e-01
-3.634172308036484278e+00
-4.031136468019155927e+00
-4.685625425477543682e-01
2.716868525398645762e-01
-6.034434358453691694e+00
-1.988745563193385468e+00
-2.640735696585363890e+00
-3.933347957636572634e+00
1.842677005586504180e+01
-9.683622543594839982e+00
9.646146911084773734e+00
-1.350998627918995965e+01
-1.257928871022652384e+00
1.896266094439673866e+00
-3.406798857240063150e+00
1.949903591568143302e+00
-3.505511996739480107e+00
1.353505671424791945e+00
-2.945426676370010988e+00
2.963090879734608940e-01
2.656287525934600602e+00
-4.685056387091296237e+00
1.698927613645663470e+00
-3.877036073592861953e+00
1.250797349639083578e+01
-1.531460187232106529e+00
7.924536729167855897e-01
7.294987394486972532e-01
2.764754761096177127e+00
-2.564735554732879841e+00
2.497825561915601789e+00
1.811815717117888580e+00
-4.263832590918935850e+00
2.121797233231039748e+00
-1.778611852002836002e+00
1.713178091680775950e+00
-2.436499993453964841e+00
2.465185622179892455e+00
-2.747189753170343529e+00
-1.519110023990943859e-01
