8.052999999999999545e+02
7.211000000000000227e+02
5.322000000000000455e+02
4.152500000000000000e+02
3.550500000000000114e+02
3.239499999999999886e+02
2.723500000000000227e+02
2.623999999999999773e+02
2.559000000000000057e+02
2.387500000000000000e+02
2.456999999999999886e+02
2.464000000000000057e+02
2.129000000000000057e+02
2.160000000000000000e+02
2.038499999999999943e+02
1.951500000000000057e+02
2.105000000000000000e+02
1.870500000000000114e+02
1.922500000000000000e+02
1.980500000000000114e+02
1.806500000000000057e+02
1.941999999999999886e+02
2.021999999999999886e+02
1.890500000000000114e+02
1.755500000000000114e+02
1.944000000000000057e+02
1.894000000000000057e+02
1.854499999999999886e+02
1.750500000000000114e+02
1.990999999999999943e+02
1.823499999999999943e+02
1.929000000000000057e+02
1.796999999999999886e+02
1.798499999999999943e+02
1.969000000000000057e+02
1.812500000000000000e+02
1.714000000000000057e+02
1.810500000000000114e+02
1.769000000000000057e+02
1.693499999999999943e+02
1.663000000000000114e+02
1.820500000000000114e+02
1.767500000000000000e+02
1.759000000000000057e+02
1.703000000000000114e+02
1.716999999999999886e+02
1.812500000000000000e+02
1.639000000000000057e+02
1.703000000000000114e+02
1.911999999999999886e+02
1.814499999999999886e+02
1.680500000000000114e+02
1.776500000000000057e+02
1.781500000000000057e+02
1.719000000000000057e+02
1.703000000000000114e+02
1.628000000000000114e+02
1.680000000000000000e+02
1.759499999999999886e+02
1.618000000000000114e+02
1.655500000000000114e+02
1.621500000000000057e+02
1.589499999999999886e+02
1.620000000000000000e+02
1.656500000000000057e+02
1.701500000000000057e+02
1.703000000000000114e+02
1.593000000000000114e+02
1.636500000000000057e+02
1.620999999999999943e+02
1.641999999999999886e+02
1.681500000000000057e+02
1.671999999999999886e+02
1.630999999999999943e+02
1.684499999999999886e+02
1.739499999999999886e+02
1.765500000000000114e+02
1.706999999999999886e+02
1.668499999999999943e+02
1.754499999999999886e+02
1.624000000000000057e+02
1.608499999999999943e+02
1.649499999999999886e+02
1.646500000000000057e+02
1.678000000000000114e+02
1.697500000000000000e+02
1.691500000000000057e+02
1.669499999999999886e+02
1.691999999999999886e+02
1.605999999999999943e+02
1.585999999999999943e+02
1.595500000000000114e+02
1.617500000000000000e+02
1.636999999999999886e+02
1.570999999999999943e+02
1.620999999999999943e+02
1.663000000000000114e+02
1.654000000000000057e+02
1.720000000000000000e+02
1.714499999999999886e+02
1.520999999999999943e+02
1.705500000000000114e+02
1.698499999999999943e+02
1.684499999999999886e+02
1.599000000000000057e+02
1.674499999999999886e+02
1.639499999999999886e+02
1.623499999999999943e+02
1.630999999999999943e+02
1.766500000000000057e+02
1.733499999999999943e+02
1.603499999999999943e+02
1.635999999999999943e+02
1.770000000000000000e+02
1.784000000000000057e+02
1.656999999999999886e+02
1.712500000000000000e+02
1.514000000000000057e+02
1.578000000000000114e+02
1.745000000000000000e+02
1.733499999999999943e+02
1.654499999999999886e+02
1.603499999999999943e+02
1.652500000000000000e+02
1.701500000000000057e+02
1.734499999999999886e+02
1.488499999999999943e+02
1.638000000000000114e+02
1.555999999999999943e+02
1.765999999999999943e+02
1.668000000000000114e+02
1.652500000000000000e+02
1.715500000000000114e+02
1.690999999999999943e+02
1.678000000000000114e+02
1.571999999999999886e+02
1.709499999999999886e+02
1.655999999999999943e+02
1.659000000000000057e+02
1.570500000000000114e+02
1.626500000000000057e+02
1.642500000000000000e+02
1.671500000000000057e+02
1.599499999999999886e+02
1.711999999999999886e+02
1.619000000000000057e+02
1.586500000000000057e+02
1.700500000000000114e+02
1.674000000000000057e+02
1.661999999999999886e+02
1.695000000000000000e+02
1.654000000000000057e+02
1.670999999999999943e+02
1.608499999999999943e+02
1.679499999999999886e+02
1.605000000000000000e+02
1.575999999999999943e+02
1.650500000000000114e+02
1.712500000000000000e+02
1.685500000000000114e+02
1.624499999999999886e+02
1.597500000000000000e+02
1.751999999999999886e+02
1.585500000000000114e+02
1.744000000000000057e+02
1.602500000000000000e+02
1.615999999999999943e+02
1.575999999999999943e+02
1.699499999999999886e+02
1.705500000000000114e+02
1.760999999999999943e+02
1.635000000000000000e+02
1.679499999999999886e+02
1.623499999999999943e+02
1.624000000000000057e+02
1.800500000000000114e+02
1.646999999999999886e+02
1.631500000000000057e+02
1.818499999999999943e+02
1.679000000000000057e+02
1.528499999999999943e+02
1.616500000000000057e+02
1.719000000000000057e+02
1.683000000000000114e+02
1.615500000000000114e+02
1.671500000000000057e+02
1.760500000000000114e+02
1.620000000000000000e+02
1.654499999999999886e+02
1.713000000000000114e+02
1.631500000000000057e+02
1.673000000000000114e+02
1.630000000000000000e+02
1.736500000000000057e+02
1.635999999999999943e+02
1.855999999999999943e+02
1.656500000000000057e+02
1.653499999999999943e+02
1.608499999999999943e+02
1.636500000000000057e+02
1.636999999999999886e+02
1.641999999999999886e+02
1.715500000000000114e+02
1.551999999999999886e+02
1.718000000000000114e+02
1.618000000000000114e+02
1.568000000000000114e+02
1.603000000000000114e+02
1.563000000000000114e+02
1.699499999999999886e+02
1.710000000000000000e+02
1.609000000000000057e+02
1.707500000000000000e+02
1.668499999999999943e+02
1.572500000000000000e+02
1.683000000000000114e+02
1.673000000000000114e+02
1.776500000000000057e+02
1.717500000000000000e+02
1.575000000000000000e+02
1.659499999999999886e+02
1.686500000000000057e+02
1.573000000000000114e+02
1.614499999999999886e+02
1.730999999999999943e+02
1.623499999999999943e+02
1.706999999999999886e+02
1.640500000000000114e+02
1.668499999999999943e+02
1.721500000000000057e+02
1.597500000000000000e+02
1.545999999999999943e+02
1.693000000000000114e+02
1.665000000000000000e+02
1.631999999999999886e+02
1.680500000000000114e+02
1.700500000000000114e+02
1.754499999999999886e+02
1.645999999999999943e+02
1.637500000000000000e+02
1.699499999999999886e+02
1.653000000000000114e+02
1.766500000000000057e+02
1.603499999999999943e+02
1.613499999999999943e+02
1.660000000000000000e+02
1.659499999999999886e+02
1.641500000000000057e+02
1.795999999999999943e+02
1.629499999999999886e+02
1.778499999999999943e+02
1.695500000000000114e+02
1.700999999999999943e+02
1.619000000000000057e+02
1.661500000000000057e+02
1.576999999999999886e+02
1.694499999999999886e+02
1.758499999999999943e+02
1.645000000000000000e+02
1.778000000000000114e+02
1.677500000000000000e+02
1.642500000000000000e+02
1.704000000000000057e+02
1.679499999999999886e+02
1.683499999999999943e+02
1.671999999999999886e+02
1.639000000000000057e+02
1.623000000000000114e+02
1.658000000000000114e+02
1.614000000000000057e+02
1.754000000000000057e+02
1.668499999999999943e+02
1.646500000000000057e+02
1.680999999999999943e+02
1.661999999999999886e+02
1.735999999999999943e+02
1.575500000000000114e+02
1.665500000000000114e+02
1.603499999999999943e+02
1.648000000000000114e+02
1.594499999999999886e+02
1.693000000000000114e+02
1.700500000000000114e+02
1.710000000000000000e+02
1.640999999999999943e+02
1.620500000000000114e+02
1.621500000000000057e+02
1.659499999999999886e+02
1.754499999999999886e+02
1.538499999999999943e+02
1.715000000000000000e+02
1.610500000000000114e+02
1.707500000000000000e+02
1.704499999999999886e+02
1.703499999999999943e+02
1.664000000000000057e+02
1.707500000000000000e+02
1.683499999999999943e+02
1.616500000000000057e+02
1.716999999999999886e+02
1.642500000000000000e+02
1.740500000000000114e+02
1.619000000000000057e+02
1.631500000000000057e+02
1.741999999999999886e+02
1.631999999999999886e+02
1.685999999999999943e+02
1.661500000000000057e+02
1.659499999999999886e+02
1.626500000000000057e+02
1.774000000000000057e+02
1.668000000000000114e+02
1.851999999999999886e+02
1.733000000000000114e+02
1.774499999999999886e+02
1.716500000000000057e+02
1.690999999999999943e+02
1.696999999999999886e+02
1.564000000000000057e+02
1.646999999999999886e+02
1.625999999999999943e+02
1.570999999999999943e+02
1.595000000000000000e+02
1.600000000000000000e+02
1.603499999999999943e+02
1.712500000000000000e+02
1.685999999999999943e+02
1.691999999999999886e+02
1.680999999999999943e+02
1.758499999999999943e+02
1.648499999999999943e+02
1.723499999999999943e+02
1.645999999999999943e+02
1.658000000000000114e+02
1.649499999999999886e+02
1.655999999999999943e+02
1.648000000000000114e+02
1.609499999999999886e+02
1.650500000000000114e+02
1.679000000000000057e+02
1.671999999999999886e+02
1.632500000000000000e+02
1.666500000000000057e+02
1.657500000000000000e+02
1.774499999999999886e+02
1.650999999999999943e+02
1.664000000000000057e+02
1.661999999999999886e+02
1.700500000000000114e+02
1.606500000000000057e+02
1.679499999999999886e+02
1.776999999999999886e+02
1.751500000000000057e+02
1.701500000000000057e+02
1.686500000000000057e+02
1.680500000000000114e+02
1.679000000000000057e+02
1.613000000000000114e+02
1.656500000000000057e+02
1.717500000000000000e+02
1.751999999999999886e+02
1.591999999999999886e+02
1.696999999999999886e+02
1.639499999999999886e+02
1.729000000000000057e+02
1.722500000000000000e+02
1.614499999999999886e+02
1.735500000000000114e+02
1.740000000000000000e+02
1.764499999999999886e+02
1.739499999999999886e+02
1.726500000000000057e+02
1.705500000000000114e+02
1.700000000000000000e+02
1.765000000000000000e+02
1.580000000000000000e+02
1.703000000000000114e+02
1.684499999999999886e+02
1.703499999999999943e+02
1.723499999999999943e+02
1.665999999999999943e+02
1.663000000000000114e+02
1.686500000000000057e+02
1.661999999999999886e+02
1.650999999999999943e+02
1.592500000000000000e+02
1.570999999999999943e+02
1.555000000000000000e+02
1.586500000000000057e+02
1.571999999999999886e+02
1.559499999999999886e+02
1.716500000000000057e+02
1.713499999999999943e+02
1.631999999999999886e+02
1.763499999999999943e+02
1.688000000000000114e+02
1.725999999999999943e+02
1.616999999999999886e+02
1.730999999999999943e+02
1.659000000000000057e+02
1.765000000000000000e+02
1.821500000000000057e+02
1.885500000000000114e+02
1.833499999999999943e+02
1.723000000000000114e+02
1.860000000000000000e+02
1.764000000000000057e+02
1.710999999999999943e+02
1.736999999999999886e+02
1.653000000000000114e+02
1.684000000000000057e+02
1.771999999999999886e+02
1.732500000000000000e+02
1.666999999999999886e+02
1.690999999999999943e+02
1.648499999999999943e+02
1.715999999999999943e+02
1.638000000000000114e+02
1.709499999999999886e+02
1.655000000000000000e+02
1.683499999999999943e+02
1.695000000000000000e+02
1.736500000000000057e+02
1.720500000000000114e+02
1.838000000000000114e+02
1.733000000000000114e+02
1.683000000000000114e+02
1.806999999999999886e+02
1.661500000000000057e+02
1.678499999999999943e+02
1.755000000000000000e+02
1.808499999999999943e+02
1.698000000000000114e+02
1.651500000000000057e+02
1.696999999999999886e+02
1.695999999999999943e+02
1.789000000000000057e+02
1.640999999999999943e+02
1.591500000000000057e+02
1.765000000000000000e+02
1.639000000000000057e+02
1.743499999999999943e+02
1.669000000000000057e+02
1.756500000000000057e+02
1.882500000000000000e+02
1.684499999999999886e+02
1.649000000000000057e+02
1.756999999999999886e+02
1.632500000000000000e+02
1.555999999999999943e+02
1.583000000000000114e+02
1.591500000000000057e+02
1.733499999999999943e+02
1.622500000000000000e+02
1.588000000000000114e+02
1.720000000000000000e+02
1.705500000000000114e+02
1.690500000000000114e+02
1.792500000000000000e+02
1.694499999999999886e+02
1.728000000000000114e+02
1.618000000000000114e+02
1.664000000000000057e+02
1.795999999999999943e+02
1.668000000000000114e+02
1.698000000000000114e+02
1.761500000000000057e+02
1.781999999999999886e+02
1.766999999999999886e+02
1.655999999999999943e+02
1.760999999999999943e+02
1.929499999999999886e+02
1.759000000000000057e+02
1.816500000000000057e+02
1.781500000000000057e+02
1.724000000000000057e+02
1.733499999999999943e+02
1.866500000000000057e+02
1.755000000000000000e+02
1.733000000000000114e+02
1.812500000000000000e+02
1.697500000000000000e+02
1.715000000000000000e+02
1.591999999999999886e+02
1.637500000000000000e+02
1.884499999999999886e+02
1.674000000000000057e+02
1.663499999999999943e+02
1.765000000000000000e+02
1.744499999999999886e+02
1.740000000000000000e+02
1.669499999999999886e+02
1.823499999999999943e+02
1.709000000000000057e+02
1.858000000000000114e+02
1.681500000000000057e+02
1.649499999999999886e+02
1.746500000000000057e+02
1.725999999999999943e+02
1.641999999999999886e+02
1.776999999999999886e+02
1.600000000000000000e+02
1.666999999999999886e+02
1.573000000000000114e+02
1.803499999999999943e+02
1.660500000000000114e+02
1.669000000000000057e+02
1.833000000000000114e+02
1.675999999999999943e+02
1.705000000000000000e+02
1.778000000000000114e+02
1.589499999999999886e+02
1.735000000000000000e+02
1.725999999999999943e+02
1.685500000000000114e+02
1.749499999999999886e+02
1.770000000000000000e+02
1.756999999999999886e+02
1.651500000000000057e+02
1.689000000000000057e+02
1.666500000000000057e+02
1.710999999999999943e+02
1.660500000000000114e+02
1.693499999999999943e+02
1.748000000000000114e+02
1.789000000000000057e+02
1.754000000000000057e+02
1.771500000000000057e+02
1.708499999999999943e+02
1.743499999999999943e+02
1.730500000000000114e+02
1.835999999999999943e+02
1.866999999999999886e+02
1.761999999999999886e+02
1.820500000000000114e+02
1.863499999999999943e+02
1.747500000000000000e+02
1.832500000000000000e+02
1.761500000000000057e+02
1.771500000000000057e+02
1.635000000000000000e+02
1.749000000000000057e+02
1.765999999999999943e+02
1.674000000000000057e+02
1.753000000000000114e+02
1.695000000000000000e+02
1.710999999999999943e+02
1.691500000000000057e+02
1.701500000000000057e+02
1.738499999999999943e+02
1.810500000000000114e+02
1.658499999999999943e+02
1.626500000000000057e+02
1.760999999999999943e+02
1.660000000000000000e+02
1.748000000000000114e+02
1.661500000000000057e+02
1.775000000000000000e+02
1.824499999999999886e+02
1.635999999999999943e+02
1.721999999999999886e+02
1.668499999999999943e+02
1.720999999999999943e+02
1.670500000000000114e+02
1.624499999999999886e+02
1.808000000000000114e+02
1.661500000000000057e+02
1.695999999999999943e+02
1.755500000000000114e+02
1.615000000000000000e+02
1.750000000000000000e+02
1.573499999999999943e+02
1.701500000000000057e+02
1.734499999999999886e+02
1.703000000000000114e+02
1.696500000000000057e+02
1.803000000000000114e+02
1.680000000000000000e+02
1.763499999999999943e+02
1.797500000000000000e+02
1.778000000000000114e+02
1.787500000000000000e+02
1.664499999999999886e+02
1.759000000000000057e+02
1.848000000000000114e+02
1.630500000000000114e+02
1.696500000000000057e+02
1.684499999999999886e+02
1.743499999999999943e+02
1.656500000000000057e+02
1.665500000000000114e+02
1.803499999999999943e+02
1.811500000000000057e+02
1.659000000000000057e+02
1.738499999999999943e+02
1.741999999999999886e+02
1.666500000000000057e+02
1.790500000000000114e+02
1.745500000000000114e+02
1.729000000000000057e+02
1.718499999999999943e+02
1.855500000000000114e+02
1.755000000000000000e+02
1.866999999999999886e+02
1.799000000000000057e+02
1.939499999999999886e+02
1.779499999999999886e+02
1.819499999999999886e+02
1.776500000000000057e+02
1.753499999999999943e+02
1.741500000000000057e+02
1.770500000000000114e+02
1.815000000000000000e+02
1.771999999999999886e+02
1.770999999999999943e+02
1.745999999999999943e+02
1.793499999999999943e+02
1.610500000000000114e+02
1.690999999999999943e+02
1.659499999999999886e+02
1.722500000000000000e+02
1.684000000000000057e+02
1.579499999999999886e+02
1.751500000000000057e+02
1.655999999999999943e+02
1.659499999999999886e+02
1.770500000000000114e+02
1.604000000000000057e+02
1.685500000000000114e+02
1.758499999999999943e+02
1.743499999999999943e+02
1.720500000000000114e+02
1.719499999999999886e+02
1.707500000000000000e+02
1.724000000000000057e+02
1.577500000000000000e+02
1.648000000000000114e+02
1.616999999999999886e+02
1.635000000000000000e+02
1.610000000000000000e+02
1.734000000000000057e+02
1.695500000000000114e+02
1.734499999999999886e+02
1.790000000000000000e+02
1.791500000000000057e+02
1.770000000000000000e+02
1.753499999999999943e+02
1.860500000000000114e+02
1.679000000000000057e+02
1.749000000000000057e+02
1.714499999999999886e+02
1.680999999999999943e+02
1.592500000000000000e+02
1.750999999999999943e+02
1.718000000000000114e+02
1.680000000000000000e+02
1.738000000000000114e+02
1.711500000000000057e+02
1.864499999999999886e+02
1.883000000000000114e+02
1.739499999999999886e+02
1.785500000000000114e+02
1.853499999999999943e+02
1.858000000000000114e+02
1.809000000000000057e+02
1.885000000000000000e+02
1.720500000000000114e+02
1.735500000000000114e+02
1.746999999999999886e+02
1.905999999999999943e+02
1.670500000000000114e+02
1.788499999999999943e+02
1.877500000000000000e+02
1.701500000000000057e+02
1.795000000000000000e+02
1.820500000000000114e+02
1.768000000000000114e+02
1.768000000000000114e+02
1.809499999999999886e+02
1.715999999999999943e+02
1.731999999999999886e+02
1.711999999999999886e+02
1.745500000000000114e+02
1.775000000000000000e+02
1.805500000000000114e+02
1.685500000000000114e+02
1.759499999999999886e+02
1.810000000000000000e+02
1.743000000000000114e+02
1.750000000000000000e+02
1.703499999999999943e+02
1.673499999999999943e+02
1.730999999999999943e+02
1.742500000000000000e+02
1.728000000000000114e+02
1.750000000000000000e+02
1.696999999999999886e+02
1.672500000000000000e+02
1.699499999999999886e+02
1.787500000000000000e+02
1.789499999999999886e+02
1.750000000000000000e+02
1.776500000000000057e+02
1.695999999999999943e+02
1.669499999999999886e+02
1.786999999999999886e+02
1.679499999999999886e+02
1.707500000000000000e+02
1.718000000000000114e+02
1.830500000000000114e+02
1.783000000000000114e+02
1.671500000000000057e+02
1.812500000000000000e+02
1.683000000000000114e+02
1.686500000000000057e+02
1.834000000000000057e+02
1.804000000000000057e+02
1.756999999999999886e+02
1.785500000000000114e+02
1.839000000000000057e+02
1.724000000000000057e+02
1.774000000000000057e+02
1.871999999999999886e+02
1.771999999999999886e+02
1.712500000000000000e+02
1.819000000000000057e+02
1.821500000000000057e+02
1.789499999999999886e+02
1.870500000000000114e+02
1.764000000000000057e+02
1.924499999999999886e+02
1.793499999999999943e+02
1.814499999999999886e+02
1.700999999999999943e+02
1.927500000000000000e+02
1.800000000000000000e+02
1.756999999999999886e+02
1.913499999999999943e+02
1.781500000000000057e+02
1.877500000000000000e+02
1.716999999999999886e+02
1.750000000000000000e+02
1.671500000000000057e+02
1.661999999999999886e+02
1.855500000000000114e+02
1.718499999999999943e+02
1.649499999999999886e+02
1.810500000000000114e+02
1.703000000000000114e+02
1.657500000000000000e+02
1.629499999999999886e+02
1.699499999999999886e+02
1.711500000000000057e+02
1.723499999999999943e+02
1.526500000000000057e+02
1.730500000000000114e+02
1.670999999999999943e+02
1.740000000000000000e+02
1.661500000000000057e+02
1.726500000000000057e+02
1.769000000000000057e+02
1.703499999999999943e+02
1.671500000000000057e+02
1.666999999999999886e+02
1.768499999999999943e+02
1.673499999999999943e+02
1.624000000000000057e+02
1.651999999999999886e+02
1.692500000000000000e+02
1.720999999999999943e+02
1.732500000000000000e+02
1.698499999999999943e+02
1.665000000000000000e+02
1.667500000000000000e+02
1.625500000000000114e+02
1.635000000000000000e+02
1.650999999999999943e+02
1.716500000000000057e+02
1.711500000000000057e+02
1.595999999999999943e+02
1.578499999999999943e+02
1.615999999999999943e+02
1.675500000000000114e+02
1.659499999999999886e+02
1.763000000000000114e+02
1.745999999999999943e+02
1.735500000000000114e+02
1.705500000000000114e+02
1.718499999999999943e+02
1.855000000000000000e+02
1.730000000000000000e+02
1.640999999999999943e+02
1.681500000000000057e+02
1.706999999999999886e+02
1.737500000000000000e+02
1.563000000000000114e+02
1.733000000000000114e+02
1.714000000000000057e+02
1.566500000000000057e+02
1.757500000000000000e+02
1.731500000000000057e+02
1.750500000000000114e+02
1.743499999999999943e+02
1.841999999999999886e+02
1.672500000000000000e+02
1.607500000000000000e+02
1.816500000000000057e+02
1.667500000000000000e+02
1.720000000000000000e+02
1.715999999999999943e+02
1.730500000000000114e+02
1.724000000000000057e+02
1.745999999999999943e+02
1.676999999999999886e+02
1.700000000000000000e+02
1.804499999999999886e+02
1.675999999999999943e+02
1.734000000000000057e+02
1.683499999999999943e+02
1.812500000000000000e+02
1.743499999999999943e+02
1.716999999999999886e+02
1.653000000000000114e+02
1.688000000000000114e+02
1.701999999999999886e+02
1.768499999999999943e+02
1.730500000000000114e+02
1.755999999999999943e+02
1.780000000000000000e+02
1.679000000000000057e+02
1.695999999999999943e+02
1.685999999999999943e+02
1.787500000000000000e+02
1.760999999999999943e+02
1.730999999999999943e+02
1.775999999999999943e+02
1.772500000000000000e+02
1.650000000000000000e+02
1.676500000000000057e+02
1.740999999999999943e+02
1.669499999999999886e+02
1.708499999999999943e+02
1.610999999999999943e+02
1.721999999999999886e+02
1.615000000000000000e+02
1.700000000000000000e+02
1.683000000000000114e+02
1.705999999999999943e+02
1.740999999999999943e+02
1.760500000000000114e+02
1.659000000000000057e+02
1.667500000000000000e+02
1.718499999999999943e+02
1.737500000000000000e+02
1.595500000000000114e+02
1.668499999999999943e+02
1.686500000000000057e+02
1.767500000000000000e+02
1.687500000000000000e+02
1.641999999999999886e+02
1.714499999999999886e+02
1.733499999999999943e+02
1.610999999999999943e+02
1.686500000000000057e+02
1.656999999999999886e+02
1.737500000000000000e+02
1.646999999999999886e+02
1.770999999999999943e+02
1.775999999999999943e+02
1.725500000000000114e+02
1.728499999999999943e+02
1.631999999999999886e+02
1.755999999999999943e+02
1.759499999999999886e+02
1.677500000000000000e+02
1.768000000000000114e+02
1.691999999999999886e+02
1.780000000000000000e+02
1.684499999999999886e+02
1.770500000000000114e+02
1.635999999999999943e+02
1.733499999999999943e+02
1.674499999999999886e+02
1.700500000000000114e+02
1.638000000000000114e+02
1.714499999999999886e+02
1.656500000000000057e+02
1.616999999999999886e+02
1.687500000000000000e+02
1.704499999999999886e+02
1.816500000000000057e+02
1.783499999999999943e+02
1.793499999999999943e+02
1.695000000000000000e+02
1.826999999999999886e+02
1.820500000000000114e+02
1.739499999999999886e+02
1.763499999999999943e+02
1.685500000000000114e+02
1.831999999999999886e+02
1.869499999999999886e+02
1.722500000000000000e+02
1.863499999999999943e+02
1.759000000000000057e+02
1.731999999999999886e+02
1.855500000000000114e+02
1.749000000000000057e+02
1.776999999999999886e+02
1.691500000000000057e+02
1.942500000000000000e+02
1.821500000000000057e+02
1.688499999999999943e+02
1.755500000000000114e+02
1.688499999999999943e+02
1.793000000000000114e+02
1.633000000000000114e+02
1.778499999999999943e+02
1.749000000000000057e+02
1.700000000000000000e+02
1.727500000000000000e+02
1.645999999999999943e+02
1.727500000000000000e+02
1.680500000000000114e+02
1.751500000000000057e+02
1.738499999999999943e+02
1.666500000000000057e+02
1.743000000000000114e+02
1.586999999999999886e+02
1.669499999999999886e+02
1.630500000000000114e+02
1.689000000000000057e+02
1.629499999999999886e+02
1.590500000000000114e+02
1.603000000000000114e+02
1.699000000000000057e+02
1.580000000000000000e+02
1.739000000000000057e+02
1.612500000000000000e+02
1.606500000000000057e+02
1.558499999999999943e+02
1.761500000000000057e+02
1.669000000000000057e+02
1.594000000000000057e+02
1.645500000000000114e+02
1.749499999999999886e+02
1.683000000000000114e+02
1.674000000000000057e+02
1.671999999999999886e+02
1.570000000000000000e+02
1.571999999999999886e+02
1.606500000000000057e+02
1.534499999999999886e+02
1.677500000000000000e+02
1.630999999999999943e+02
1.694000000000000057e+02
1.797500000000000000e+02
1.634499999999999886e+02
1.673499999999999943e+02
1.596999999999999886e+02
1.733499999999999943e+02
1.730000000000000000e+02
1.625999999999999943e+02
1.635999999999999943e+02
1.750000000000000000e+02
1.551500000000000057e+02
1.663000000000000114e+02
1.594000000000000057e+02
1.680500000000000114e+02
1.631500000000000057e+02
1.734499999999999886e+02
1.590999999999999943e+02
1.751500000000000057e+02
1.684499999999999886e+02
1.662500000000000000e+02
1.611999999999999886e+02
1.635000000000000000e+02
1.629000000000000057e+02
1.600000000000000000e+02
1.650999999999999943e+02
1.745500000000000114e+02
1.793000000000000114e+02
1.622500000000000000e+02
1.636999999999999886e+02
1.748000000000000114e+02
1.736500000000000057e+02
1.645000000000000000e+02
1.694499999999999886e+02
1.663000000000000114e+02
1.638000000000000114e+02
1.841999999999999886e+02
1.829499999999999886e+02
1.668499999999999943e+02
1.689000000000000057e+02
1.712500000000000000e+02
1.653000000000000114e+02
1.657500000000000000e+02
1.676999999999999886e+02
1.663499999999999943e+02
1.635999999999999943e+02
1.710000000000000000e+02
