6.004500000000000455e+02
6.084500000000000455e+02
4.498500000000000227e+02
4.036000000000000227e+02
3.511000000000000227e+02
2.912500000000000000e+02
2.823500000000000227e+02
2.431999999999999886e+02
2.129000000000000057e+02
1.976999999999999886e+02
2.103499999999999943e+02
1.832500000000000000e+02
1.751500000000000057e+02
1.717500000000000000e+02
1.830000000000000000e+02
1.714000000000000057e+02
1.775999999999999943e+02
1.721500000000000057e+02
1.685000000000000000e+02
1.634499999999999886e+02
1.856999999999999886e+02
1.768000000000000114e+02
1.834499999999999886e+02
1.673000000000000114e+02
1.708499999999999943e+02
1.753000000000000114e+02
1.766500000000000057e+02
1.794499999999999886e+02
1.680000000000000000e+02
1.627500000000000000e+02
1.781500000000000057e+02
1.565500000000000114e+02
1.786500000000000057e+02
1.735500000000000114e+02
1.560999999999999943e+02
1.716999999999999886e+02
1.725000000000000000e+02
1.855500000000000114e+02
1.879499999999999886e+02
1.755000000000000000e+02
1.658000000000000114e+02
1.731999999999999886e+02
1.790500000000000114e+02
1.903000000000000114e+02
1.717500000000000000e+02
1.699000000000000057e+02
1.729000000000000057e+02
1.747500000000000000e+02
1.724000000000000057e+02
1.884499999999999886e+02
1.837500000000000000e+02
1.764499999999999886e+02
1.785999999999999943e+02
1.845999999999999943e+02
1.775500000000000114e+02
1.744499999999999886e+02
1.756999999999999886e+02
1.781999999999999886e+02
1.671500000000000057e+02
1.794000000000000057e+02
1.751999999999999886e+02
1.899000000000000057e+02
1.815500000000000114e+02
1.825500000000000114e+02
1.797500000000000000e+02
1.905999999999999943e+02
1.816999999999999886e+02
1.821999999999999886e+02
1.742500000000000000e+02
1.777500000000000000e+02
1.925999999999999943e+02
1.894499999999999886e+02
1.820000000000000000e+02
1.844499999999999886e+02
1.905000000000000000e+02
1.866500000000000057e+02
1.780500000000000114e+02
1.954499999999999886e+02
1.845999999999999943e+02
1.910999999999999943e+02
1.772500000000000000e+02
1.829499999999999886e+02
1.829499999999999886e+02
1.748000000000000114e+02
1.736500000000000057e+02
1.736500000000000057e+02
1.718000000000000114e+02
1.724499999999999886e+02
1.670500000000000114e+02
1.799499999999999886e+02
1.830000000000000000e+02
1.768499999999999943e+02
1.829499999999999886e+02
1.704499999999999886e+02
1.784000000000000057e+02
1.816500000000000057e+02
1.690999999999999943e+02
1.665999999999999943e+02
1.674499999999999886e+02
1.769499999999999886e+02
1.768000000000000114e+02
1.781500000000000057e+02
1.655999999999999943e+02
1.757500000000000000e+02
1.775999999999999943e+02
1.805999999999999943e+02
1.719000000000000057e+02
1.765500000000000114e+02
1.735500000000000114e+02
1.734000000000000057e+02
1.673499999999999943e+02
1.711500000000000057e+02
1.668499999999999943e+02
1.660000000000000000e+02
1.700500000000000114e+02
1.683000000000000114e+02
1.667500000000000000e+02
1.604000000000000057e+02
1.637500000000000000e+02
1.605000000000000000e+02
1.613499999999999943e+02
1.711999999999999886e+02
1.670999999999999943e+02
1.661999999999999886e+02
1.658000000000000114e+02
1.593000000000000114e+02
1.631999999999999886e+02
1.667500000000000000e+02
1.665500000000000114e+02
1.578499999999999943e+02
1.665000000000000000e+02
1.585500000000000114e+02
1.653499999999999943e+02
1.585000000000000000e+02
1.589499999999999886e+02
1.655000000000000000e+02
1.588499999999999943e+02
1.590999999999999943e+02
1.601999999999999886e+02
1.630500000000000114e+02
1.559499999999999886e+02
1.699499999999999886e+02
1.615500000000000114e+02
1.555000000000000000e+02
1.545500000000000114e+02
1.569000000000000057e+02
1.596999999999999886e+02
1.589499999999999886e+02
1.581999999999999886e+02
1.586999999999999886e+02
1.508000000000000114e+02
1.535000000000000000e+02
1.588499999999999943e+02
1.525500000000000114e+02
1.615000000000000000e+02
1.628000000000000114e+02
1.568499999999999943e+02
1.518000000000000114e+02
1.560500000000000114e+02
1.624499999999999886e+02
1.530999999999999943e+02
1.606999999999999886e+02
1.576500000000000057e+02
1.525500000000000114e+02
1.571999999999999886e+02
1.545000000000000000e+02
1.640999999999999943e+02
1.603000000000000114e+02
1.564000000000000057e+02
1.535999999999999943e+02
1.579000000000000057e+02
1.507500000000000000e+02
1.609000000000000057e+02
1.619499999999999886e+02
1.588499999999999943e+02
1.559499999999999886e+02
1.591500000000000057e+02
1.651999999999999886e+02
1.595500000000000114e+02
1.616500000000000057e+02
1.611999999999999886e+02
1.664499999999999886e+02
1.602500000000000000e+02
1.721500000000000057e+02
1.583499999999999943e+02
1.709499999999999886e+02
1.668000000000000114e+02
1.656500000000000057e+02
1.643499999999999943e+02
1.668000000000000114e+02
1.596500000000000057e+02
1.600000000000000000e+02
1.636999999999999886e+02
1.575500000000000114e+02
1.685999999999999943e+02
1.671500000000000057e+02
1.618499999999999943e+02
1.609000000000000057e+02
1.599499999999999886e+02
1.535999999999999943e+02
1.598499999999999943e+02
1.652500000000000000e+02
1.610999999999999943e+02
1.711500000000000057e+02
1.614000000000000057e+02
1.710999999999999943e+02
1.556500000000000057e+02
1.676999999999999886e+02
1.638000000000000114e+02
1.582500000000000000e+02
1.553499999999999943e+02
1.586999999999999886e+02
1.587500000000000000e+02
1.621500000000000057e+02
1.543499999999999943e+02
1.621999999999999886e+02
1.625000000000000000e+02
1.575999999999999943e+02
1.614000000000000057e+02
1.608000000000000114e+02
1.555500000000000114e+02
1.612500000000000000e+02
1.665500000000000114e+02
1.590999999999999943e+02
1.567500000000000000e+02
1.595000000000000000e+02
1.539499999999999886e+02
1.601999999999999886e+02
1.620999999999999943e+02
1.561500000000000057e+02
1.624000000000000057e+02
1.648000000000000114e+02
1.571999999999999886e+02
1.604000000000000057e+02
1.612500000000000000e+02
1.620500000000000114e+02
1.645000000000000000e+02
1.580500000000000114e+02
1.643000000000000114e+02
1.598499999999999943e+02
1.606500000000000057e+02
1.631500000000000057e+02
1.601500000000000057e+02
1.603499999999999943e+02
1.621999999999999886e+02
1.628000000000000114e+02
1.540000000000000000e+02
1.589499999999999886e+02
1.546500000000000057e+02
1.544499999999999886e+02
1.580999999999999943e+02
1.595500000000000114e+02
1.596500000000000057e+02
1.579000000000000057e+02
1.594499999999999886e+02
1.613499999999999943e+02
1.605500000000000114e+02
1.587500000000000000e+02
1.583000000000000114e+02
1.545999999999999943e+02
1.543000000000000114e+02
1.560999999999999943e+02
1.566500000000000057e+02
1.525500000000000114e+02
1.570500000000000114e+02
1.545500000000000114e+02
1.603499999999999943e+02
1.613000000000000114e+02
1.545999999999999943e+02
1.565500000000000114e+02
1.579499999999999886e+02
1.536999999999999886e+02
1.536500000000000057e+02
1.610500000000000114e+02
1.532500000000000000e+02
1.599499999999999886e+02
1.521500000000000057e+02
1.519000000000000057e+02
1.555500000000000114e+02
1.570500000000000114e+02
1.558499999999999943e+02
1.524499999999999886e+02
1.560999999999999943e+02
1.549499999999999886e+02
1.506999999999999886e+02
1.508000000000000114e+02
1.499000000000000057e+02
1.543499999999999943e+02
1.540500000000000114e+02
1.518499999999999943e+02
1.622500000000000000e+02
1.575000000000000000e+02
1.535999999999999943e+02
1.540500000000000114e+02
1.497500000000000000e+02
1.549000000000000057e+02
1.534000000000000057e+02
1.505999999999999943e+02
1.530999999999999943e+02
1.583499999999999943e+02
1.523499999999999943e+02
1.554499999999999886e+02
1.500500000000000114e+02
1.530999999999999943e+02
1.594499999999999886e+02
1.571500000000000057e+02
1.478499999999999943e+02
1.555500000000000114e+02
1.533000000000000114e+02
1.549000000000000057e+02
1.598499999999999943e+02
1.566999999999999886e+02
1.580500000000000114e+02
1.577500000000000000e+02
1.575000000000000000e+02
1.550000000000000000e+02
1.515999999999999943e+02
1.512500000000000000e+02
1.492500000000000000e+02
1.543000000000000114e+02
1.557500000000000000e+02
1.500999999999999943e+02
1.540999999999999943e+02
1.592500000000000000e+02
1.529000000000000057e+02
1.551500000000000057e+02
1.575500000000000114e+02
1.566500000000000057e+02
1.589499999999999886e+02
1.554000000000000057e+02
1.591999999999999886e+02
1.565999999999999943e+02
1.598000000000000114e+02
1.533000000000000114e+02
1.548000000000000114e+02
1.585500000000000114e+02
1.538000000000000114e+02
1.533499999999999943e+02
1.508000000000000114e+02
1.643499999999999943e+02
1.530500000000000114e+02
1.580999999999999943e+02
1.580999999999999943e+02
1.556500000000000057e+02
1.525999999999999943e+02
1.570500000000000114e+02
1.550999999999999943e+02
1.504499999999999886e+02
1.485999999999999943e+02
1.510999999999999943e+02
1.560999999999999943e+02
1.600000000000000000e+02
1.485999999999999943e+02
1.566999999999999886e+02
1.642500000000000000e+02
1.637500000000000000e+02
1.539499999999999886e+02
1.515000000000000000e+02
1.565500000000000114e+02
1.515500000000000114e+02
1.585500000000000114e+02
1.525500000000000114e+02
1.591999999999999886e+02
1.580500000000000114e+02
1.570000000000000000e+02
1.514499999999999886e+02
1.565999999999999943e+02
1.480999999999999943e+02
1.530999999999999943e+02
1.485000000000000000e+02
1.561500000000000057e+02
1.498000000000000114e+02
1.533499999999999943e+02
1.545000000000000000e+02
1.628000000000000114e+02
1.565999999999999943e+02
1.552500000000000000e+02
1.550000000000000000e+02
1.531500000000000057e+02
1.533000000000000114e+02
1.587500000000000000e+02
1.560999999999999943e+02
1.555500000000000114e+02
1.614499999999999886e+02
1.622500000000000000e+02
1.593000000000000114e+02
1.559499999999999886e+02
1.554499999999999886e+02
1.564000000000000057e+02
1.715500000000000114e+02
1.531999999999999886e+02
1.674000000000000057e+02
1.558000000000000114e+02
1.575999999999999943e+02
1.695500000000000114e+02
1.549000000000000057e+02
1.554499999999999886e+02
1.560999999999999943e+02
1.576999999999999886e+02
1.511500000000000057e+02
1.613499999999999943e+02
1.651500000000000057e+02
1.535000000000000000e+02
1.547500000000000000e+02
1.604499999999999886e+02
1.573000000000000114e+02
1.578499999999999943e+02
1.539000000000000057e+02
1.503499999999999943e+02
1.529000000000000057e+02
1.600000000000000000e+02
1.558000000000000114e+02
1.615999999999999943e+02
1.538000000000000114e+02
1.705000000000000000e+02
1.613000000000000114e+02
1.739000000000000057e+02
1.659499999999999886e+02
1.586999999999999886e+02
1.605000000000000000e+02
1.731500000000000057e+02
1.594499999999999886e+02
1.595500000000000114e+02
1.518000000000000114e+02
1.534000000000000057e+02
1.600500000000000114e+02
1.630999999999999943e+02
1.578000000000000114e+02
1.660000000000000000e+02
1.680500000000000114e+02
1.593499999999999943e+02
1.642500000000000000e+02
1.651999999999999886e+02
1.651999999999999886e+02
1.535000000000000000e+02
1.637500000000000000e+02
1.561999999999999886e+02
1.558499999999999943e+02
1.508499999999999943e+02
1.625500000000000114e+02
1.548000000000000114e+02
1.591500000000000057e+02
1.539499999999999886e+02
1.566999999999999886e+02
1.619000000000000057e+02
1.625000000000000000e+02
1.569000000000000057e+02
1.595500000000000114e+02
1.507500000000000000e+02
1.621500000000000057e+02
1.551999999999999886e+02
1.511999999999999886e+02
1.575500000000000114e+02
1.648499999999999943e+02
1.691500000000000057e+02
1.628499999999999943e+02
1.635000000000000000e+02
1.625999999999999943e+02
1.616500000000000057e+02
1.573499999999999943e+02
1.531500000000000057e+02
1.703499999999999943e+02
1.605999999999999943e+02
1.555000000000000000e+02
1.565500000000000114e+02
1.599000000000000057e+02
1.513000000000000114e+02
1.719000000000000057e+02
1.584499999999999886e+02
1.565500000000000114e+02
1.600000000000000000e+02
1.621500000000000057e+02
1.593499999999999943e+02
1.618499999999999943e+02
1.507500000000000000e+02
1.648499999999999943e+02
1.691999999999999886e+02
1.605999999999999943e+02
1.653000000000000114e+02
1.606500000000000057e+02
1.530999999999999943e+02
1.530999999999999943e+02
1.691999999999999886e+02
1.560999999999999943e+02
1.523000000000000114e+02
1.540500000000000114e+02
1.553499999999999943e+02
1.589499999999999886e+02
1.574000000000000057e+02
1.587500000000000000e+02
1.598499999999999943e+02
1.576500000000000057e+02
1.505000000000000000e+02
1.639000000000000057e+02
1.601500000000000057e+02
1.531999999999999886e+02
1.655500000000000114e+02
1.597500000000000000e+02
1.630000000000000000e+02
1.615999999999999943e+02
1.632500000000000000e+02
1.658000000000000114e+02
1.621999999999999886e+02
1.541500000000000057e+02
1.593499999999999943e+02
1.661999999999999886e+02
1.538000000000000114e+02
1.630000000000000000e+02
1.581999999999999886e+02
1.576500000000000057e+02
1.633499999999999943e+02
1.659499999999999886e+02
1.671500000000000057e+02
1.606999999999999886e+02
1.605999999999999943e+02
1.540999999999999943e+02
1.570000000000000000e+02
1.663000000000000114e+02
1.526500000000000057e+02
1.639000000000000057e+02
1.659499999999999886e+02
1.608000000000000114e+02
1.540500000000000114e+02
1.675000000000000000e+02
1.687500000000000000e+02
1.659499999999999886e+02
1.692500000000000000e+02
1.707500000000000000e+02
1.662500000000000000e+02
1.619499999999999886e+02
1.685000000000000000e+02
1.695000000000000000e+02
1.667500000000000000e+02
1.665500000000000114e+02
1.595500000000000114e+02
1.710500000000000114e+02
1.640500000000000114e+02
1.651999999999999886e+02
1.698000000000000114e+02
1.706999999999999886e+02
1.621999999999999886e+02
1.730999999999999943e+02
1.719499999999999886e+02
1.684000000000000057e+02
1.800500000000000114e+02
1.616999999999999886e+02
1.644000000000000057e+02
1.723499999999999943e+02
1.615000000000000000e+02
1.658000000000000114e+02
1.685500000000000114e+02
1.609000000000000057e+02
1.681500000000000057e+02
1.621500000000000057e+02
1.615000000000000000e+02
1.621999999999999886e+02
1.700999999999999943e+02
1.633499999999999943e+02
1.673499999999999943e+02
1.645999999999999943e+02
1.728000000000000114e+02
1.774000000000000057e+02
1.563000000000000114e+02
1.517500000000000000e+02
1.768499999999999943e+02
1.569499999999999886e+02
1.682500000000000000e+02
1.796500000000000057e+02
1.702500000000000000e+02
1.795500000000000114e+02
1.626500000000000057e+02
1.684000000000000057e+02
1.707500000000000000e+02
1.788499999999999943e+02
1.790999999999999943e+02
1.720000000000000000e+02
1.740000000000000000e+02
1.649499999999999886e+02
1.601500000000000057e+02
1.812500000000000000e+02
1.583000000000000114e+02
1.764499999999999886e+02
1.666999999999999886e+02
1.659499999999999886e+02
1.705999999999999943e+02
1.664499999999999886e+02
1.766999999999999886e+02
1.764000000000000057e+02
1.620999999999999943e+02
1.649499999999999886e+02
1.675999999999999943e+02
1.738499999999999943e+02
1.650000000000000000e+02
1.610000000000000000e+02
1.601999999999999886e+02
1.598000000000000114e+02
1.689499999999999886e+02
1.584000000000000057e+02
1.543000000000000114e+02
1.630000000000000000e+02
1.736999999999999886e+02
1.529000000000000057e+02
1.635999999999999943e+02
1.623499999999999943e+02
1.508000000000000114e+02
1.603000000000000114e+02
1.663499999999999943e+02
1.660500000000000114e+02
1.596500000000000057e+02
1.677500000000000000e+02
1.649499999999999886e+02
1.583499999999999943e+02
1.681999999999999886e+02
1.706999999999999886e+02
1.506500000000000057e+02
1.647500000000000000e+02
1.706500000000000057e+02
1.766999999999999886e+02
1.552500000000000000e+02
1.619000000000000057e+02
1.714499999999999886e+02
1.719000000000000057e+02
1.553000000000000114e+02
1.657500000000000000e+02
1.633000000000000114e+02
1.730999999999999943e+02
1.685500000000000114e+02
1.753499999999999943e+02
1.674000000000000057e+02
1.611999999999999886e+02
1.543499999999999943e+02
1.632500000000000000e+02
1.559000000000000057e+02
1.610500000000000114e+02
1.545000000000000000e+02
1.655500000000000114e+02
1.669000000000000057e+02
1.596500000000000057e+02
1.565999999999999943e+02
1.614000000000000057e+02
1.535000000000000000e+02
1.584499999999999886e+02
1.624000000000000057e+02
1.658499999999999943e+02
1.535999999999999943e+02
1.603000000000000114e+02
1.585999999999999943e+02
1.663499999999999943e+02
1.604000000000000057e+02
1.638000000000000114e+02
1.768499999999999943e+02
1.714000000000000057e+02
1.742500000000000000e+02
1.736500000000000057e+02
1.637500000000000000e+02
1.577500000000000000e+02
1.625999999999999943e+02
1.545500000000000114e+02
1.650999999999999943e+02
1.610999999999999943e+02
1.653000000000000114e+02
1.544499999999999886e+02
1.569000000000000057e+02
1.613000000000000114e+02
1.731999999999999886e+02
1.595999999999999943e+02
1.729499999999999886e+02
1.625999999999999943e+02
1.550999999999999943e+02
1.627500000000000000e+02
1.634000000000000057e+02
1.703499999999999943e+02
1.528000000000000114e+02
1.572500000000000000e+02
1.559000000000000057e+02
1.575999999999999943e+02
1.622500000000000000e+02
1.574000000000000057e+02
1.576500000000000057e+02
1.583000000000000114e+02
1.480500000000000114e+02
1.598000000000000114e+02
1.538499999999999943e+02
1.500999999999999943e+02
1.603499999999999943e+02
1.556500000000000057e+02
1.656999999999999886e+02
1.586500000000000057e+02
1.560000000000000000e+02
1.543000000000000114e+02
1.600999999999999943e+02
1.530999999999999943e+02
1.639000000000000057e+02
1.524000000000000057e+02
1.581500000000000057e+02
1.618499999999999943e+02
1.574000000000000057e+02
1.654000000000000057e+02
1.589499999999999886e+02
1.665500000000000114e+02
1.659000000000000057e+02
1.584499999999999886e+02
1.575000000000000000e+02
1.640999999999999943e+02
1.565500000000000114e+02
1.595500000000000114e+02
1.589000000000000057e+02
1.564000000000000057e+02
1.668000000000000114e+02
1.584000000000000057e+02
1.521999999999999886e+02
1.502500000000000000e+02
1.618000000000000114e+02
1.590999999999999943e+02
1.591999999999999886e+02
1.589499999999999886e+02
1.646999999999999886e+02
1.613499999999999943e+02
1.629499999999999886e+02
1.586999999999999886e+02
1.619499999999999886e+02
1.581500000000000057e+02
1.719499999999999886e+02
1.618499999999999943e+02
1.701500000000000057e+02
1.548000000000000114e+02
1.735000000000000000e+02
1.587500000000000000e+02
1.606999999999999886e+02
1.678499999999999943e+02
1.560500000000000114e+02
1.570500000000000114e+02
1.498000000000000114e+02
1.670999999999999943e+02
1.526999999999999886e+02
1.567500000000000000e+02
1.564000000000000057e+02
1.550000000000000000e+02
1.554000000000000057e+02
1.568499999999999943e+02
1.670500000000000114e+02
1.459000000000000057e+02
1.590500000000000114e+02
1.535999999999999943e+02
1.575999999999999943e+02
1.572500000000000000e+02
1.583499999999999943e+02
1.616500000000000057e+02
1.554000000000000057e+02
1.595500000000000114e+02
1.656500000000000057e+02
1.640000000000000000e+02
1.580500000000000114e+02
1.592500000000000000e+02
1.555000000000000000e+02
1.645500000000000114e+02
1.664499999999999886e+02
1.600000000000000000e+02
1.644499999999999886e+02
1.533499999999999943e+02
1.586500000000000057e+02
1.598499999999999943e+02
1.591999999999999886e+02
1.563000000000000114e+02
1.597500000000000000e+02
1.539499999999999886e+02
1.614499999999999886e+02
1.573000000000000114e+02
1.573000000000000114e+02
1.603000000000000114e+02
1.545999999999999943e+02
1.556999999999999886e+02
1.628000000000000114e+02
1.610999999999999943e+02
1.590999999999999943e+02
1.568000000000000114e+02
1.722500000000000000e+02
1.661999999999999886e+02
1.551500000000000057e+02
1.640999999999999943e+02
1.566999999999999886e+02
1.631999999999999886e+02
1.598000000000000114e+02
1.545500000000000114e+02
1.538499999999999943e+02
1.535999999999999943e+02
1.614499999999999886e+02
1.564499999999999886e+02
1.515999999999999943e+02
1.582500000000000000e+02
1.479499999999999886e+02
1.512500000000000000e+02
1.543499999999999943e+02
1.585500000000000114e+02
1.554000000000000057e+02
1.558499999999999943e+02
1.560999999999999943e+02
1.566999999999999886e+02
1.593000000000000114e+02
1.549000000000000057e+02
1.594499999999999886e+02
1.582500000000000000e+02
1.599000000000000057e+02
1.545000000000000000e+02
1.600999999999999943e+02
1.539000000000000057e+02
1.625999999999999943e+02
1.579499999999999886e+02
1.510999999999999943e+02
1.650500000000000114e+02
1.561500000000000057e+02
1.454499999999999886e+02
1.693499999999999943e+02
1.588000000000000114e+02
1.526500000000000057e+02
1.635000000000000000e+02
1.605000000000000000e+02
1.540000000000000000e+02
1.560999999999999943e+02
1.563499999999999943e+02
1.628499999999999943e+02
1.693000000000000114e+02
1.619000000000000057e+02
1.585500000000000114e+02
1.591999999999999886e+02
1.545999999999999943e+02
1.618499999999999943e+02
1.510500000000000114e+02
1.576999999999999886e+02
1.561500000000000057e+02
1.560999999999999943e+02
1.637500000000000000e+02
1.596999999999999886e+02
1.622500000000000000e+02
1.629499999999999886e+02
1.558499999999999943e+02
1.563000000000000114e+02
1.655000000000000000e+02
1.635999999999999943e+02
1.637500000000000000e+02
1.585000000000000000e+02
1.553499999999999943e+02
1.597500000000000000e+02
1.529000000000000057e+02
1.660000000000000000e+02
1.543000000000000114e+02
1.658000000000000114e+02
1.542500000000000000e+02
1.715999999999999943e+02
1.461999999999999886e+02
1.635999999999999943e+02
1.559499999999999886e+02
1.597500000000000000e+02
1.565500000000000114e+02
1.657500000000000000e+02
1.519000000000000057e+02
1.550500000000000114e+02
1.561500000000000057e+02
1.561999999999999886e+02
1.644499999999999886e+02
1.650000000000000000e+02
1.600000000000000000e+02
1.580500000000000114e+02
1.581500000000000057e+02
1.543499999999999943e+02
1.603000000000000114e+02
1.603499999999999943e+02
1.582500000000000000e+02
1.581999999999999886e+02
1.590000000000000000e+02
1.519000000000000057e+02
1.621500000000000057e+02
1.643000000000000114e+02
1.675000000000000000e+02
1.586999999999999886e+02
1.556500000000000057e+02
1.583000000000000114e+02
1.545000000000000000e+02
1.553499999999999943e+02
1.573000000000000114e+02
1.579000000000000057e+02
1.530500000000000114e+02
1.545000000000000000e+02
1.613499999999999943e+02
1.618000000000000114e+02
1.677500000000000000e+02
1.612500000000000000e+02
1.475999999999999943e+02
1.590000000000000000e+02
1.610000000000000000e+02
1.538499999999999943e+02
1.579000000000000057e+02
1.593499999999999943e+02
1.616500000000000057e+02
1.526999999999999886e+02
1.604000000000000057e+02
1.596999999999999886e+02
1.515999999999999943e+02
1.563499999999999943e+02
1.580999999999999943e+02
1.544000000000000057e+02
1.590500000000000114e+02
1.615999999999999943e+02
1.489000000000000057e+02
1.515000000000000000e+02
1.534000000000000057e+02
1.615000000000000000e+02
1.510999999999999943e+02
1.540500000000000114e+02
1.475000000000000000e+02
1.575000000000000000e+02
1.590000000000000000e+02
1.530999999999999943e+02
1.586500000000000057e+02
1.545500000000000114e+02
1.591500000000000057e+02
1.508000000000000114e+02
1.536500000000000057e+02
1.552500000000000000e+02
1.546999999999999886e+02
1.535500000000000114e+02
1.559499999999999886e+02
1.620500000000000114e+02
1.589000000000000057e+02
1.587500000000000000e+02
1.549499999999999886e+02
1.615999999999999943e+02
1.575000000000000000e+02
1.499499999999999886e+02
1.597500000000000000e+02
1.700999999999999943e+02
1.564499999999999886e+02
1.624499999999999886e+02
1.595999999999999943e+02
1.553000000000000114e+02
1.526500000000000057e+02
1.523499999999999943e+02
1.498499999999999943e+02
1.538000000000000114e+02
1.555999999999999943e+02
1.618000000000000114e+02
1.523000000000000114e+02
1.611999999999999886e+02
1.595500000000000114e+02
1.536500000000000057e+02
1.566999999999999886e+02
1.580500000000000114e+02
1.567500000000000000e+02
1.599499999999999886e+02
1.514499999999999886e+02
1.519499999999999886e+02
1.615999999999999943e+02
1.505000000000000000e+02
1.665999999999999943e+02
1.560000000000000000e+02
1.483000000000000114e+02
1.616500000000000057e+02
1.608000000000000114e+02
1.496999999999999886e+02
1.513499999999999943e+02
1.541500000000000057e+02
1.552500000000000000e+02
1.549499999999999886e+02
1.485500000000000114e+02
1.530500000000000114e+02
1.590000000000000000e+02
1.541999999999999886e+02
1.598000000000000114e+02
1.554000000000000057e+02
1.570500000000000114e+02
1.544000000000000057e+02
1.580000000000000000e+02
1.571500000000000057e+02
1.594499999999999886e+02
1.607500000000000000e+02
1.570500000000000114e+02
1.580000000000000000e+02
1.534000000000000057e+02
1.527500000000000000e+02
1.490500000000000114e+02
1.534499999999999886e+02
1.567500000000000000e+02
1.595999999999999943e+02
1.541999999999999886e+02
1.523000000000000114e+02
1.568000000000000114e+02
1.538000000000000114e+02
1.489000000000000057e+02
1.483499999999999943e+02
1.556500000000000057e+02
1.557500000000000000e+02
1.551999999999999886e+02
1.608000000000000114e+02
1.569000000000000057e+02
1.598499999999999943e+02
1.550500000000000114e+02
1.618499999999999943e+02
1.610999999999999943e+02
1.589499999999999886e+02
1.491500000000000057e+02
